{
 "cells": [
  {
   "cell_type": "code",
   "execution_count": 1,
   "metadata": {},
   "outputs": [],
   "source": [
    "import pandas as pd\n",
    "import numpy as np \n",
    "import csv\n",
    "\n",
    "\n",
    "with open('pca_a.txt', 'r') as in_file:\n",
    "    stripped = (line.strip() for line in in_file)\n",
    "    lines = (line.split('\\t') for line in stripped if line)\n",
    "    with open('test.csv', 'w') as out_file:\n",
    "        writer = csv.writer(out_file)\n",
    "#         writer.writerow(('title', 'intro'))\n",
    "        writer.writerows(lines)"
   ]
  },
  {
   "cell_type": "code",
   "execution_count": 2,
   "metadata": {},
   "outputs": [
    {
     "name": "stdout",
     "output_type": "stream",
     "text": [
      "(150, 5)\n"
     ]
    }
   ],
   "source": [
    "data = pd.read_csv(\"test.csv\",header=None)\n",
    "\n",
    "print(data.shape)"
   ]
  },
  {
   "cell_type": "code",
   "execution_count": 3,
   "metadata": {},
   "outputs": [
    {
     "name": "stdout",
     "output_type": "stream",
     "text": [
      "[[2.6 5.4 1.9 6.4]\n",
      " [3.3 6.  2.2 6.7]\n",
      " [3.8 2.  0.8 5.4]\n",
      " [3.2 6.5 2.3 7.8]\n",
      " [3.6 1.7 0.6 4.8]\n",
      " [3.4 5.6 2.7 7.1]\n",
      " [3.8 1.9 0.6 5.5]\n",
      " [3.6 6.4 2.2 7.6]\n",
      " [2.6 4.9 1.9 6.6]\n",
      " [3.4 5.5 2.2 6.3]\n",
      " [3.1 5.5 2.  6.4]\n",
      " [3.2 5.  1.9 6.9]\n",
      " [3.4 4.5 1.7 6. ]\n",
      " [4.  1.8 0.6 5.4]\n",
      " [3.6 6.1 2.7 7.3]\n",
      " [3.9 2.  1.  5.4]\n",
      " [3.2 4.9 1.7 6.1]\n",
      " [3.3 4.9 1.9 6.4]\n",
      " [3.4 5.2 2.2 6.4]\n",
      " [3.8 1.9 0.6 5.4]\n",
      " [3.5 5.9 2.2 6.8]\n",
      " [3.5 2.  0.6 5.2]\n",
      " [3.8 2.3 0.6 5.2]\n",
      " [2.7 4.8 1.7 6.7]\n",
      " [3.5 5.1 1.9 7.1]\n",
      " [3.4 4.6 1.9 6.3]\n",
      " [3.4 4.9 1.9 5.8]\n",
      " [3.2 7.1 2.4 8.1]\n",
      " [3.4 1.7 0.6 4.8]\n",
      " [3.4 1.8 0.5 5.2]\n",
      " [3.4 4.9 1.9 6. ]\n",
      " [3.4 6.2 2.6 6.9]\n",
      " [3.9 1.9 0.6 5.6]\n",
      " [4.  1.4 0.6 5. ]\n",
      " [3.4 5.3 2.2 6.5]\n",
      " [3.5 1.9 0.6 5. ]\n",
      " [3.4 1.8 0.7 5.2]\n",
      " [2.9 5.4 2.3 6.7]\n",
      " [3.2 5.2 1.8 7.2]\n",
      " [2.9 4.9 2.1 5.3]\n",
      " [3.3 5.1 1.8 6.5]\n",
      " [4.8 1.9 0.8 6.1]\n",
      " [3.8 6.  2.8 6.7]\n",
      " [3.4 5.4 2.1 7.1]\n",
      " [2.4 3.9 1.4 5.4]\n",
      " [3.8 4.9 2.  6.4]\n",
      " [3.6 5.7 2.7 6.8]\n",
      " [3.8 1.8 0.7 5. ]\n",
      " [2.7 1.7 0.7 4.9]\n",
      " [3.8 1.8 0.6 5.6]\n",
      " [3.9 1.8 0.6 5.5]\n",
      " [3.1 4.5 1.4 6.2]\n",
      " [2.9 4.4 1.7 5.9]\n",
      " [3.7 1.8 0.6 5.4]\n",
      " [3.8 2.  0.6 5.2]\n",
      " [2.9 6.2 2.2 7.1]\n",
      " [3.4 4.8 1.8 7. ]\n",
      " [3.4 5.9 2.2 6.9]\n",
      " [3.7 6.4 2.9 6.7]\n",
      " [4.1 1.9 0.6 5.8]\n",
      " [3.1 5.5 2.3 6.2]\n",
      " [3.2 5.2 2.2 6.6]\n",
      " [3.2 6.  2.6 6.8]\n",
      " [3.2 4.4 1.7 6.5]\n",
      " [3.6 5.2 2.2 6.3]\n",
      " [3.6 1.8 0.6 5. ]\n",
      " [3.8 2.1 0.6 5.8]\n",
      " [4.2 7.1 2.6 8.1]\n",
      " [3.2 5.1 1.6 6.5]\n",
      " [3.6 2.  0.6 5.1]\n",
      " [3.4 7.  2.5 8. ]\n",
      " [3.1 4.3 1.6 6.2]\n",
      " [2.9 4.3 1.5 6. ]\n",
      " [3.5 5.8 2.5 7.3]\n",
      " [3.6 4.9 1.9 6.8]\n",
      " [3.6 5.5 2.4 6.9]\n",
      " [3.2 5.5 2.8 6.2]\n",
      " [3.4 1.5 0.5 4.7]\n",
      " [3.4 6.2 2.  7.6]\n",
      " [2.8 3.7 1.4 5.3]\n",
      " [3.9 1.7 0.6 5.9]\n",
      " [4.5 1.9 0.5 5.6]\n",
      " [3.6 1.6 0.6 5.4]\n",
      " [4.2 6.8 2.4 8.3]\n",
      " [3.5 6.  2.8 7.1]\n",
      " [3.5 1.9 0.5 5.3]\n",
      " [3.3 4.  1.7 6. ]\n",
      " [3.7 5.1 2.  6.7]\n",
      " [3.4 5.9 2.5 7.2]\n",
      " [3.4 6.5 2.7 8.1]\n",
      " [2.9 5.3 1.9 6.7]\n",
      " [3.7 6.1 2.5 7.1]\n",
      " [4.3 1.7 0.8 5.8]\n",
      " [3.3 1.8 0.6 4.8]\n",
      " [2.8 4.1 1.4 5.9]\n",
      " [3.1 4.3 1.8 5.6]\n",
      " [3.9 1.8 0.7 5.5]\n",
      " [2.9 5.4 2.4 6.1]\n",
      " [4.2 1.9 0.7 5.5]\n",
      " [3.5 1.9 0.5 5.3]\n",
      " [4.  6.5 2.9 7.6]\n",
      " [3.3 5.  1.7 7. ]\n",
      " [4.2 2.  0.6 5.5]\n",
      " [3.2 5.5 1.9 6.7]\n",
      " [3.4 2.  0.6 5.4]\n",
      " [3.  7.3 2.7 8.1]\n",
      " [4.3 2.1 0.8 5.8]\n",
      " [3.4 4.6 1.6 6.1]\n",
      " [4.1 1.9 0.6 5.7]\n",
      " [3.7 6.1 2.9 7.1]\n",
      " [3.6 5.1 1.8 7.4]\n",
      " [2.8 4.2 1.5 5.9]\n",
      " [3.1 5.7 2.3 6.8]\n",
      " [4.2 2.1 0.7 6.1]\n",
      " [3.3 4.6 1.7 6.1]\n",
      " [3.  4.8 1.6 5.9]\n",
      " [3.4 5.6 2.4 6.9]\n",
      " [3.4 6.3 2.5 7.5]\n",
      " [2.9 3.4 1.5 5.5]\n",
      " [3.5 5.5 2.7 7.3]\n",
      " [4.4 1.6 0.6 6.2]\n",
      " [3.7 2.1 0.9 5.5]\n",
      " [3.2 4.5 1.7 6.1]\n",
      " [3.2 5.3 2.4 6. ]\n",
      " [3.  4.4 1.6 6.2]\n",
      " [3.4 1.8 0.6 5.3]\n",
      " [3.8 1.9 0.8 5.8]\n",
      " [3.3 4.7 1.7 6.6]\n",
      " [3.1 4.6 1.7 6. ]\n",
      " [3.8 5.8 2.7 6.6]\n",
      " [3.  6.  1.8 6.5]\n",
      " [3.1 5.3 2.2 6.7]\n",
      " [4.6 1.8 0.6 5.9]\n",
      " [2.7 3.7 1.4 5.4]\n",
      " [3.9 1.7 0.7 5.4]\n",
      " [3.5 4.8 1.8 7.1]\n",
      " [3.  3.9 1.4 6.1]\n",
      " [3.6 6.3 2.7 7.2]\n",
      " [4.2 2.3 0.8 5.5]\n",
      " [3.4 5.  1.8 6.5]\n",
      " [3.5 5.3 1.9 7.3]\n",
      " [4.1 1.9 0.8 5.5]\n",
      " [3.3 4.7 1.7 6.8]\n",
      " [3.1 5.5 2.3 6.2]\n",
      " [3.3 6.7 2.2 7.7]\n",
      " [2.6 4.4 1.4 6.4]\n",
      " [2.7 4.4 1.7 5.9]\n",
      " [3.2 6.  2.5 6.8]\n",
      " [3.5 1.9 0.5 5.3]\n",
      " [3.6 1.7 0.6 5.1]]\n",
      "['Asthma', 'Arrhythmia', 'Hypertension', 'Arrhythmia', 'Hypertension', 'Arrhythmia', 'Hypertension', 'Arrhythmia', 'Asthma', 'Arrhythmia', 'Arrhythmia', 'Asthma', 'Asthma', 'Hypertension', 'Arrhythmia', 'Hypertension', 'Asthma', 'Asthma', 'Asthma', 'Hypertension', 'Arrhythmia', 'Hypertension', 'Hypertension', 'Asthma', 'Arrhythmia', 'Asthma', 'Asthma', 'Arrhythmia', 'Hypertension', 'Hypertension', 'Asthma', 'Arrhythmia', 'Hypertension', 'Hypertension', 'Arrhythmia', 'Hypertension', 'Hypertension', 'Arrhythmia', 'Arrhythmia', 'Asthma', 'Asthma', 'Hypertension', 'Arrhythmia', 'Arrhythmia', 'Asthma', 'Asthma', 'Arrhythmia', 'Hypertension', 'Hypertension', 'Hypertension', 'Hypertension', 'Asthma', 'Asthma', 'Hypertension', 'Hypertension', 'Arrhythmia', 'Asthma', 'Arrhythmia', 'Arrhythmia', 'Hypertension', 'Arrhythmia', 'Asthma', 'Arrhythmia', 'Asthma', 'Asthma', 'Hypertension', 'Hypertension', 'Arrhythmia', 'Asthma', 'Hypertension', 'Arrhythmia', 'Asthma', 'Asthma', 'Arrhythmia', 'Asthma', 'Arrhythmia', 'Arrhythmia', 'Hypertension', 'Arrhythmia', 'Asthma', 'Hypertension', 'Hypertension', 'Hypertension', 'Arrhythmia', 'Arrhythmia', 'Hypertension', 'Asthma', 'Asthma', 'Arrhythmia', 'Arrhythmia', 'Asthma', 'Arrhythmia', 'Hypertension', 'Hypertension', 'Asthma', 'Asthma', 'Hypertension', 'Asthma', 'Hypertension', 'Hypertension', 'Arrhythmia', 'Asthma', 'Hypertension', 'Arrhythmia', 'Hypertension', 'Arrhythmia', 'Hypertension', 'Asthma', 'Hypertension', 'Arrhythmia', 'Arrhythmia', 'Asthma', 'Arrhythmia', 'Hypertension', 'Asthma', 'Asthma', 'Arrhythmia', 'Arrhythmia', 'Asthma', 'Arrhythmia', 'Hypertension', 'Hypertension', 'Asthma', 'Asthma', 'Asthma', 'Hypertension', 'Hypertension', 'Asthma', 'Asthma', 'Arrhythmia', 'Arrhythmia', 'Arrhythmia', 'Hypertension', 'Asthma', 'Hypertension', 'Asthma', 'Asthma', 'Arrhythmia', 'Hypertension', 'Asthma', 'Arrhythmia', 'Hypertension', 'Asthma', 'Arrhythmia', 'Arrhythmia', 'Asthma', 'Asthma', 'Arrhythmia', 'Hypertension', 'Hypertension']\n"
     ]
    }
   ],
   "source": [
    "pcaa = np.zeros((data.shape[0],data.shape[1]-1))\n",
    "for i in range(len(data)):\n",
    "    for j in range(len(data.iloc[i])-1):\n",
    "            pcaa[i][j] = data.iloc[i][j]\n",
    "print(pcaa) \n",
    "\n",
    "cols_a=[]\n",
    "for i in range(len(data)):\n",
    "    for j in range(len(data.iloc[i])-1,len(data.iloc[i])):\n",
    "        cols_a.append(data.iloc[i][j])\n",
    "        \n",
    "print(cols_a)       "
   ]
  },
  {
   "cell_type": "code",
   "execution_count": 4,
   "metadata": {},
   "outputs": [
    {
     "name": "stdout",
     "output_type": "stream",
     "text": [
      "[3.454      4.15866667 1.59866667 6.24333333]\n",
      "Covariance matrix \n",
      "[[ 0.18800403 -0.32171275 -0.11798121 -0.03926846]\n",
      " [-0.32171275  3.11317942  1.29638747  1.27368233]\n",
      " [-0.11798121  1.29638747  0.58241432  0.5169038 ]\n",
      " [-0.03926846  1.27368233  0.5169038   0.68569351]]\n"
     ]
    }
   ],
   "source": [
    "mean_vec = np.mean(pcaa, axis=0)\n",
    "print(mean_vec)\n",
    "cov_mat = (pcaa - mean_vec).T.dot((pcaa - mean_vec)) / (pcaa.shape[0]-1)\n",
    "print('Covariance matrix \\n%s' %cov_mat)"
   ]
  },
  {
   "cell_type": "code",
   "execution_count": 5,
   "metadata": {},
   "outputs": [
    {
     "name": "stdout",
     "output_type": "stream",
     "text": [
      "Eigenvectors \n",
      "[[ 0.08226889 -0.72971237 -0.59641809  0.32409435]\n",
      " [-0.85657211  0.1757674  -0.07252408  0.47971899]\n",
      " [-0.35884393  0.07470647 -0.54906091 -0.75112056]\n",
      " [-0.36158968 -0.65653988  0.58099728 -0.31725455]]\n",
      "\n",
      "Eigenvalues \n",
      "[4.22484077 0.24224357 0.07852391 0.02368303]\n"
     ]
    }
   ],
   "source": [
    "eig_vals, eig_vecs = np.linalg.eig(cov_mat)\n",
    "print('Eigenvectors \\n%s' %eig_vecs)\n",
    "print('\\nEigenvalues \\n%s' %eig_vals)"
   ]
  },
  {
   "cell_type": "code",
   "execution_count": 6,
   "metadata": {},
   "outputs": [
    {
     "name": "stdout",
     "output_type": "stream",
     "text": [
      "[(4.224840768320114, 0), (0.2422435716275154, 1), (0.07852390809415469, 2), (0.02368302712600217, 3)]\n"
     ]
    }
   ],
   "source": [
    "eigval_pairs = [(np.abs(eig_vals[i]), i) for i in range(len(eig_vals))]\n",
    "\n",
    "eigval_pairs.sort()\n",
    "eigval_pairs.reverse()\n",
    "print(eigval_pairs)\n",
    "\n",
    "\n",
    "matrix_w = np.hstack((eig_vecs[:,eigval_pairs[0][1]].reshape(pcaa.shape[1],1), \n",
    "                      eig_vecs[:,eigval_pairs[1][1]].reshape(pcaa.shape[1],1)))\n",
    "\n"
   ]
  },
  {
   "cell_type": "code",
   "execution_count": 7,
   "metadata": {},
   "outputs": [
    {
     "name": "stdout",
     "output_type": "stream",
     "text": [
      "Matrix W:\n",
      " [[ 0.08226889 -0.72971237]\n",
      " [-0.85657211  0.1757674 ]\n",
      " [-0.35884393  0.07470647]\n",
      " [-0.36158968 -0.65653988]]\n"
     ]
    }
   ],
   "source": [
    "print('Matrix W:\\n', matrix_w)"
   ]
  },
  {
   "cell_type": "code",
   "execution_count": 8,
   "metadata": {},
   "outputs": [
    {
     "name": "stdout",
     "output_type": "stream",
     "text": [
      "[[-7.40756765 -5.00802115]\n",
      " [-8.08005277 -5.58790939]\n",
      " [-3.64018183 -5.9069224 ]\n",
      " [-8.95019875 -6.14177767]\n",
      " [-3.11094138 -5.43472751]\n",
      " [-8.05325487 -5.95645031]\n",
      " [-3.5189148  -6.00509442]\n",
      " [-8.72343166 -6.32740203]\n",
      " [-7.05159953 -5.22721283]\n",
      " [-7.49890396 -5.48614837]\n",
      " [-7.48797481 -5.34782995]\n",
      " [-7.19637231 -5.84442547]\n",
      " [-6.35443299 -5.50230705]\n",
      " [-3.38064484 -6.10295965]\n",
      " [-8.53740508 -6.14581705]\n",
      " [-3.70372372 -5.96495234]\n",
      " [-6.74967457 -5.3517116 ]\n",
      " [-6.92169337 -5.60670351]\n",
      " [-7.27809129 -5.60453258]\n",
      " [-3.48275583 -5.93944043]\n",
      " [-8.01410075 -5.81708259]\n",
      " [-3.52077577 -5.571642  ]\n",
      " [-3.75306674 -5.73782549]\n",
      " [-6.92210562 -5.39835608]\n",
      " [-7.32966679 -6.17707042]\n",
      " [-6.62033589 -5.66675098]\n",
      " [-6.69651268 -5.28575082]\n",
      " [-9.60850331 -6.22580855]\n",
      " [-3.12739516 -5.28878503]\n",
      " [-3.32180385 -5.54129489]\n",
      " [-6.76883061 -5.41705879]\n",
      " [-8.45899581 -5.72715253]\n",
      " [-3.54684688 -6.14371965]\n",
      " [-2.89338013 -5.91065065]\n",
      " [-7.39990747 -5.65260983]\n",
      " [-3.36280063 -5.45791077]\n",
      " [-3.39357263 -5.5263536 ]\n",
      " [-7.63490146 -5.39401424]\n",
      " [-7.44027924 -6.0137046 ]\n",
      " [-6.62862107 -4.57768339]\n",
      " [-7.09328237 -5.64467466]\n",
      " [-3.7253685  -7.11378943]\n",
      " [-8.25422468 -5.90794169]\n",
      " [-7.6666341  -6.03642767]\n",
      " [-5.59815163 -4.50654313]\n",
      " [-6.91644332 -5.96408905]\n",
      " [-8.0139814  -5.88785407]\n",
      " [-3.28834714 -5.68693057]\n",
      " [-3.25702674 -4.83616972]\n",
      " [-3.46941656 -6.08832515]\n",
      " [-3.4250307  -6.0956424 ]\n",
      " [-6.34377841 -5.43711325]\n",
      " [-6.27375125 -5.08937361]\n",
      " [-3.40532551 -5.88404594]\n",
      " [-3.49609511 -5.79055572]\n",
      " [-8.42891062 -5.52348691]\n",
      " [-7.00887869 -6.09864606]\n",
      " [-8.05848661 -5.80976534]\n",
      " [-8.64096481 -5.75719285]\n",
      " [-3.60271104 -6.4209701 ]\n",
      " [-7.52331005 -5.19411003]\n",
      " [-7.36686301 -5.58989809]\n",
      " [-8.2679762  -5.55070955]\n",
      " [-6.46602439 -5.70221126]\n",
      " [-7.22547855 -5.68482107]\n",
      " [-3.26891653 -5.54845874]\n",
      " [-3.79870612 -6.1669029 ]\n",
      " [-9.59800321 -6.94057963]\n",
      " [-7.02974047 -5.58664472]\n",
      " [-3.47638992 -5.57895925]\n",
      " [-9.50611775 -6.31620313]\n",
      " [-6.24423278 -5.45732544]\n",
      " [-6.15248423 -5.18754564]\n",
      " [-8.21689156 -6.14051733]\n",
      " [-7.04164858 -6.08823317]\n",
      " [-7.77117277 -6.01107348]\n",
      " [-7.69450512 -5.22972803]\n",
      " [-2.88403738 -5.26575517]\n",
      " [-8.49680223 -6.23155433]\n",
      " [-5.35777068 -4.76792757]\n",
      " [-3.48400936 -6.37583509]\n",
      " [-3.46160115 -6.58901772]\n",
      " [-3.24223798 -5.84622818]\n",
      " [-9.34158072 -7.13955912]\n",
      " [-8.42354122 -5.95164393]\n",
      " [-3.43539314 -5.66234338]\n",
      " [-5.93437382 -5.51721951]\n",
      " [-7.20446154 -6.05292629]\n",
      " [-8.27461669 -5.98431537]\n",
      " [-9.18575945 -6.45479953]\n",
      " [-7.40570668 -5.44147356]\n",
      " [-8.38509147 -6.10242161]\n",
      " [-3.48671162 -6.58712476]\n",
      " [-3.22127926 -5.19823706]\n",
      " [-5.91735333 -5.09154454]\n",
      " [-6.09904775 -5.04846022]\n",
      " [-3.46091509 -6.08817175]\n",
      " [-7.45383204 -4.99261966]\n",
      " [-3.52189164 -6.28950872]\n",
      " [-3.43539314 -5.66234338]\n",
      " [-9.02737206 -6.54941571]\n",
      " [-7.15253561 -5.99799199]\n",
      " [-3.57166445 -6.27940263]\n",
      " [-7.55234043 -5.62523379]\n",
      " [-3.6013206  -5.62997874]\n",
      " [-9.90392469 -6.02230065]\n",
      " [-3.82934046 -6.5168178 ]\n",
      " [-6.44036477 -5.55785494]\n",
      " [-3.56655207 -6.35531611]\n",
      " [-8.52862905 -6.07253902]\n",
      " [-7.39403241 -6.45447427]\n",
      " [-6.03889494 -5.06649715]\n",
      " [-7.91157828 -5.55288048]\n",
      " [-3.91015986 -6.64827917]\n",
      " [-6.48447605 -5.47741306]\n",
      " [-6.57226881 -5.09950854]\n",
      " [-7.87328376 -5.84755427]\n",
      " [-8.72572243 -6.11097037]\n",
      " [-5.20077449 -5.01746636]\n",
      " [-8.03168871 -6.17830626]\n",
      " [-3.46569461 -6.95522998]\n",
      " [-3.80610929 -5.87455776]\n",
      " [-6.40704573 -5.42201856]\n",
      " [-7.3073352  -5.16345612]\n",
      " [-6.33811688 -5.36677746]\n",
      " [-3.39384721 -5.59947824]\n",
      " [-3.69916049 -6.18711509]\n",
      " [-6.7509281  -5.78810626]\n",
      " [-6.46477086 -5.2658166 ]\n",
      " [-8.0108669  -5.88491183]\n",
      " [-7.88887793 -5.26757029]\n",
      " [-7.49690608 -5.5650041 ]\n",
      " [-3.51207835 -6.86905701]\n",
      " [-5.40215654 -4.76061032]\n",
      " [-3.33909891 -6.0400945 ]\n",
      " [-7.03681077 -6.23727129]\n",
      " [-5.80190307 -5.40394847]\n",
      " [-8.67256054 -6.04500959]\n",
      " [-3.90040487 -6.21173111]\n",
      " [-6.99939827 -5.73522264]\n",
      " [-7.57329915 -6.27322492]\n",
      " [-3.56600292 -6.20906684]\n",
      " [-6.82324604 -5.91941424]\n",
      " [-7.52331005 -5.19411003]\n",
      " [-9.04124292 -6.12141209]\n",
      " [-6.37157358 -5.22114179]\n",
      " [-6.29020503 -4.94343114]\n",
      " [-8.23209181 -5.5581802 ]\n",
      " [-3.43539314 -5.66234338]\n",
      " [-3.21941829 -5.63168947]]\n"
     ]
    }
   ],
   "source": [
    "Y = pcaa.dot(matrix_w)\n",
    "print(Y)"
   ]
  },
  {
   "cell_type": "code",
   "execution_count": 9,
   "metadata": {},
   "outputs": [
    {
     "name": "stderr",
     "output_type": "stream",
     "text": [
      "'c' argument looks like a single numeric RGB or RGBA sequence, which should be avoided as value-mapping will have precedence in case its length matches with 'x' & 'y'.  Please use a 2-D array with a single row if you really want to specify the same RGB or RGBA value for all points.\n",
      "'c' argument looks like a single numeric RGB or RGBA sequence, which should be avoided as value-mapping will have precedence in case its length matches with 'x' & 'y'.  Please use a 2-D array with a single row if you really want to specify the same RGB or RGBA value for all points.\n",
      "'c' argument looks like a single numeric RGB or RGBA sequence, which should be avoided as value-mapping will have precedence in case its length matches with 'x' & 'y'.  Please use a 2-D array with a single row if you really want to specify the same RGB or RGBA value for all points.\n"
     ]
    }
   ],
   "source": [
    "import matplotlib\n",
    "import matplotlib.pyplot as plt\n",
    "\n",
    "\n",
    "# color_dict = { 'Asthma':'red', 'Arrhythmia':'blue', 'Hypertension':'black' }\n",
    "x = Y[:,0]\n",
    "y = Y[:,1]\n",
    "classes = np.unique(cols_a)\n",
    "colors = [plt.cm.jet(i/float(len(classes)-1)) for i in range(len(classes))]\n",
    "for i, u in enumerate(classes):\n",
    "    xi = [x[j] for j  in range(len(x)) if cols_a[j] == u]\n",
    "    yi = [y[j] for j  in range(len(x)) if cols_a[j] == u]\n",
    "    plt.scatter(xi, yi, c=colors[i], label=str(u))\n",
    "plt.legend()\n",
    "plt.title('PCA_A Scatter plot')\n",
    "plt.xlabel('P1')\n",
    "plt.ylabel('P2')\n",
    "# plt.scatter( x, y, color=[ color_dict[i] for i in cols_a ] )\n",
    "# plt.show()\n",
    "# fig = plt.figure()\n",
    "plt.savefig('pcaa.png')"
   ]
  },
  {
   "cell_type": "markdown",
   "metadata": {},
   "source": [
    "## PCA_B"
   ]
  },
  {
   "cell_type": "code",
   "execution_count": 10,
   "metadata": {},
   "outputs": [
    {
     "name": "stdout",
     "output_type": "stream",
     "text": [
      "(386, 17)\n",
      "[[-0.22  0.37  0.92 ...  1.62  1.    0.08]\n",
      " [ 1.3   0.4  -0.05 ...  0.32 -0.46  1.63]\n",
      " [ 1.11  1.25  0.85 ...  0.16  0.01  1.12]\n",
      " ...\n",
      " [ 0.66  0.26  0.16 ...  0.79  0.05  0.39]\n",
      " [ 0.23  0.69  0.75 ... -1.02  0.93  0.38]\n",
      " [ 0.4   0.38  0.43 ...  0.38 -0.54  1.08]]\n",
      "['Septic', 'HVD', 'HVD', 'Septic', 'TB', 'CD', 'TB', 'CD', 'Septic', 'Septic', 'TB', 'Septic', 'Septic', 'HVD', 'CD', 'HVD', 'CD', 'Septic', 'CD', 'TB', 'HVD', 'CD', 'HVD', 'HVD', 'CA', 'Septic', 'Septic', 'CD', 'CA', 'CA', 'Septic', 'TB', 'Septic', 'Septic', 'CA', 'TB', 'HVD', 'TB', 'Septic', 'TB', 'CD', 'CA', 'TB', 'Septic', 'HVD', 'Septic', 'TB', 'TB', 'CA', 'CA', 'Septic', 'CA', 'CA', 'CD', 'CA', 'Septic', 'CD', 'TB', 'CD', 'HVD', 'Septic', 'Septic', 'CD', 'TB', 'Septic', 'HVD', 'CA', 'Septic', 'HVD', 'CA', 'HVD', 'CD', 'TB', 'CD', 'CD', 'Septic', 'CD', 'HVD', 'CA', 'TB', 'Septic', 'TB', 'TB', 'TB', 'Septic', 'CA', 'Septic', 'HVD', 'Septic', 'CD', 'Septic', 'CD', 'CA', 'TB', 'TB', 'Septic', 'Septic', 'Septic', 'Septic', 'TB', 'Septic', 'CD', 'CA', 'Septic', 'Septic', 'TB', 'TB', 'HVD', 'TB', 'TB', 'HVD', 'Septic', 'TB', 'HVD', 'TB', 'Septic', 'TB', 'Septic', 'Septic', 'CD', 'Septic', 'Septic', 'Septic', 'Septic', 'CA', 'Septic', 'CD', 'Septic', 'Septic', 'HVD', 'HVD', 'Septic', 'Septic', 'Septic', 'HVD', 'TB', 'Septic', 'HVD', 'CD', 'HVD', 'TB', 'HVD', 'HVD', 'CA', 'TB', 'HVD', 'Septic', 'CA', 'HVD', 'CA', 'TB', 'CA', 'Septic', 'TB', 'HVD', 'HVD', 'CD', 'Septic', 'CD', 'CA', 'Septic', 'CA', 'Septic', 'CA', 'CA', 'Septic', 'Septic', 'Septic', 'HVD', 'TB', 'Septic', 'HVD', 'CA', 'HVD', 'Septic', 'CD', 'HVD', 'HVD', 'CA', 'Septic', 'CA', 'CD', 'HVD', 'Septic', 'HVD', 'TB', 'CD', 'Septic', 'CA', 'Septic', 'CA', 'Septic', 'CA', 'Septic', 'TB', 'TB', 'HVD', 'TB', 'Septic', 'CD', 'CA', 'CD', 'Septic', 'TB', 'CA', 'Septic', 'TB', 'TB', 'TB', 'TB', 'Septic', 'HVD', 'CD', 'CD', 'Septic', 'Septic', 'CD', 'TB', 'CD', 'CD', 'HVD', 'HVD', 'CA', 'Septic', 'Septic', 'Septic', 'Septic', 'Septic', 'CA', 'Septic', 'HVD', 'TB', 'HVD', 'CA', 'CD', 'CD', 'Septic', 'Septic', 'TB', 'Septic', 'Septic', 'HVD', 'Septic', 'Septic', 'CD', 'Septic', 'CD', 'CA', 'CD', 'CD', 'CD', 'CD', 'CD', 'CD', 'CD', 'Septic', 'CA', 'Septic', 'Septic', 'HVD', 'Septic', 'Septic', 'CD', 'CD', 'CA', 'CA', 'TB', 'CD', 'TB', 'CD', 'Septic', 'TB', 'Septic', 'CA', 'Septic', 'CD', 'CD', 'TB', 'Septic', 'CD', 'CD', 'HVD', 'CA', 'Septic', 'Septic', 'Septic', 'Septic', 'HVD', 'TB', 'Septic', 'CD', 'TB', 'TB', 'TB', 'Septic', 'Septic', 'CD', 'CA', 'Septic', 'Septic', 'CA', 'Septic', 'HVD', 'CA', 'Septic', 'Septic', 'Septic', 'Septic', 'Septic', 'Septic', 'Septic', 'HVD', 'CD', 'CA', 'HVD', 'Septic', 'Septic', 'Septic', 'TB', 'TB', 'TB', 'TB', 'Septic', 'TB', 'HVD', 'HVD', 'CD', 'CD', 'TB', 'CD', 'Septic', 'CD', 'Septic', 'CD', 'CA', 'Septic', 'Septic', 'TB', 'TB', 'TB', 'Septic', 'CD', 'CD', 'CA', 'HVD', 'Septic', 'TB', 'Septic', 'TB', 'CD', 'CD', 'Septic', 'CA', 'Septic', 'CD', 'HVD', 'CD', 'CD', 'Septic', 'Septic', 'Septic', 'CA', 'Septic', 'HVD', 'CA', 'CD', 'CD', 'Septic', 'Septic', 'CA', 'Septic', 'CD', 'CA', 'CA', 'CD', 'Septic', 'TB', 'CD', 'Septic', 'Septic', 'TB', 'CD', 'Septic', 'Septic', 'CD', 'HVD']\n",
      "[0.37360104 0.38536269 0.55044041 0.44533679 0.02396373 0.50974093\n",
      " 0.30870466 0.2403886  0.38427461 0.36813472 0.32676166 0.64639896\n",
      " 0.15660622 0.70935233 0.45694301 0.31932642]\n",
      "Covariance matrix \n",
      "[[ 2.79592453e-01 -3.69422186e-02 -5.33756160e-02  1.02815113e-02\n",
      "  -6.35612879e-03 -3.43676208e-01  6.38355858e-02  1.63586649e-01\n",
      "  -1.26359589e-01  9.97555656e-02  2.01547796e-01 -8.25914144e-02\n",
      "  -1.33330604e-01 -3.72953240e-02 -2.54444288e-01  2.09928666e-01]\n",
      " [-3.69422186e-02  2.54344414e-01  8.75243725e-03  5.93463710e-02\n",
      "  -1.32925467e-01 -1.18079386e-01  1.81778653e-01  1.08948300e-01\n",
      "   1.90536498e-01  5.60347043e-02  4.69613074e-02 -1.18047911e-01\n",
      "  -1.22324610e-01 -1.82340154e-01  4.93320207e-02 -7.70144674e-04]\n",
      " [-5.33756160e-02  8.75243725e-03  1.40348117e-01  3.75971240e-02\n",
      "  -4.23822697e-02  5.70484261e-02 -6.83973501e-02 -1.20081730e-01\n",
      "   3.44918787e-02 -2.15337218e-02 -6.68354532e-02  1.13629642e-01\n",
      "  -3.48569430e-02  5.99782081e-02  7.61823888e-02 -8.84243779e-02]\n",
      " [ 1.02815113e-02  5.93463710e-02  3.75971240e-02  1.16894042e-01\n",
      "  -9.17510787e-02 -7.26074450e-02  3.51687491e-02 -4.79506628e-03\n",
      "   4.23797255e-02  5.84029675e-02  4.65677168e-02  5.69397753e-04\n",
      "  -8.53911917e-02 -3.87947164e-02 -7.76727946e-03 -2.83987336e-02]\n",
      " [-6.35612879e-03 -1.32925467e-01 -4.23822697e-02 -9.17510787e-02\n",
      "   4.08709183e-01  5.32186919e-02 -1.34158748e-01 -8.18116742e-02\n",
      "  -9.61569874e-02 -8.23136263e-02 -5.50284294e-02  6.14807685e-03\n",
      "   1.93749591e-01  1.06906258e-02 -2.15418774e-02 -1.84978427e-02]\n",
      " [-3.43676208e-01 -1.18079386e-01  5.70484261e-02 -7.26074450e-02\n",
      "   5.32186919e-02  9.08316816e-01 -3.11914882e-01 -4.73650289e-01\n",
      "   6.23647467e-02 -2.44973472e-01 -3.82166815e-01  2.23790493e-01\n",
      "   3.39329508e-01  1.75983468e-01  4.92650115e-01 -4.44242772e-01]\n",
      " [ 6.38355858e-02  1.81778653e-01 -6.83973501e-02  3.51687491e-02\n",
      "  -1.34158748e-01 -3.11914882e-01  3.46349487e-01  3.38208816e-01\n",
      "   7.91699670e-02  1.28641474e-01  1.60539171e-01 -2.21181300e-01\n",
      "  -1.84899213e-01 -2.34762140e-01 -1.28380853e-01  1.80912891e-01]\n",
      " [ 1.63586649e-01  1.08948300e-01 -1.20081730e-01 -4.79506628e-03\n",
      "  -8.18116742e-02 -4.73650289e-01  3.38208816e-01  5.17923225e-01\n",
      "  -1.48956914e-02  1.48356311e-01  2.38486716e-01 -2.74155220e-01\n",
      "  -1.98191665e-01 -2.52200267e-01 -2.65819069e-01  3.46877925e-01]\n",
      " [-1.26359589e-01  1.90536498e-01  3.44918787e-02  4.23797255e-02\n",
      "  -9.61569874e-02  6.23647467e-02  7.91699670e-02 -1.48956914e-02\n",
      "   3.26808433e-01 -1.13668111e-02 -4.65006668e-02 -5.00695021e-02\n",
      "  -6.12870137e-02 -1.64911510e-01  2.06901933e-01 -1.30550100e-01]\n",
      " [ 9.97555656e-02  5.60347043e-02 -2.15337218e-02  5.84029675e-02\n",
      "  -8.23136263e-02 -2.44973472e-01  1.28641474e-01  1.48356311e-01\n",
      "  -1.13668111e-02  1.44895732e-01  1.42194204e-01 -8.42890721e-02\n",
      "  -1.33757256e-01 -8.42744580e-02 -1.29407275e-01  1.06343935e-01]\n",
      " [ 2.01547796e-01  4.69613074e-02 -6.68354532e-02  4.65677168e-02\n",
      "  -5.50284294e-02 -3.82166815e-01  1.60539171e-01  2.38486716e-01\n",
      "  -4.65006668e-02  1.42194204e-01  2.94279616e-01 -1.46555588e-01\n",
      "  -1.57800889e-01 -1.59519246e-01 -2.32940834e-01  2.12422229e-01]\n",
      " [-8.25914144e-02 -1.18047911e-01  1.13629642e-01  5.69397753e-04\n",
      "   6.14807685e-03  2.23790493e-01 -2.21181300e-01 -2.74155220e-01\n",
      "  -5.00695021e-02 -8.42890721e-02 -1.46555588e-01  2.68495830e-01\n",
      "   5.88124224e-02  2.34474805e-01  9.58159760e-02 -1.68925029e-01]\n",
      " [-1.33330604e-01 -1.22324610e-01 -3.48569430e-02 -8.53911917e-02\n",
      "   1.93749591e-01  3.39329508e-01 -1.84899213e-01 -1.98191665e-01\n",
      "  -6.12870137e-02 -1.33757256e-01 -1.57800889e-01  5.88124224e-02\n",
      "   4.00856764e-01  6.12079261e-02  1.16088300e-01 -1.51873720e-01]\n",
      " [-3.72953240e-02 -1.82340154e-01  5.99782081e-02 -3.87947164e-02\n",
      "   1.06906258e-02  1.75983468e-01 -2.34762140e-01 -2.52200267e-01\n",
      "  -1.64911510e-01 -8.42744580e-02 -1.59519246e-01  2.34474805e-01\n",
      "   6.12079261e-02  4.10313086e-01 -1.37964740e-03 -1.20506411e-01]\n",
      " [-2.54444288e-01  4.93320207e-02  7.61823888e-02 -7.76727946e-03\n",
      "  -2.15418774e-02  4.92650115e-01 -1.28380853e-01 -2.65819069e-01\n",
      "   2.06901933e-01 -1.29407275e-01 -2.32940834e-01  9.58159760e-02\n",
      "   1.16088300e-01 -1.37964740e-03  4.35869592e-01 -3.14610636e-01]\n",
      " [ 2.09928666e-01 -7.70144674e-04 -8.84243779e-02 -2.83987336e-02\n",
      "  -1.84978427e-02 -4.44242772e-01  1.80912891e-01  3.46877925e-01\n",
      "  -1.30550100e-01  1.06343935e-01  2.12422229e-01 -1.68925029e-01\n",
      "  -1.51873720e-01 -1.20506411e-01 -3.14610636e-01  3.99117467e-01]]\n"
     ]
    },
    {
     "name": "stderr",
     "output_type": "stream",
     "text": [
      "'c' argument looks like a single numeric RGB or RGBA sequence, which should be avoided as value-mapping will have precedence in case its length matches with 'x' & 'y'.  Please use a 2-D array with a single row if you really want to specify the same RGB or RGBA value for all points.\n",
      "'c' argument looks like a single numeric RGB or RGBA sequence, which should be avoided as value-mapping will have precedence in case its length matches with 'x' & 'y'.  Please use a 2-D array with a single row if you really want to specify the same RGB or RGBA value for all points.\n",
      "'c' argument looks like a single numeric RGB or RGBA sequence, which should be avoided as value-mapping will have precedence in case its length matches with 'x' & 'y'.  Please use a 2-D array with a single row if you really want to specify the same RGB or RGBA value for all points.\n",
      "'c' argument looks like a single numeric RGB or RGBA sequence, which should be avoided as value-mapping will have precedence in case its length matches with 'x' & 'y'.  Please use a 2-D array with a single row if you really want to specify the same RGB or RGBA value for all points.\n",
      "'c' argument looks like a single numeric RGB or RGBA sequence, which should be avoided as value-mapping will have precedence in case its length matches with 'x' & 'y'.  Please use a 2-D array with a single row if you really want to specify the same RGB or RGBA value for all points.\n"
     ]
    },
    {
     "name": "stdout",
     "output_type": "stream",
     "text": [
      "Eigenvectors \n",
      "[[-0.22059682  0.23010655 -0.07985271  0.09599798 -0.38287915  0.27722704\n",
      "   0.36111336 -0.00393086 -0.26924379  0.2466878   0.06773479 -0.06709837\n",
      "  -0.06664577 -0.20971609 -0.53167224  0.2353534 ]\n",
      " [-0.09936609 -0.39525729 -0.04701264  0.13874368  0.10805102 -0.26825411\n",
      "   0.13729517  0.03332116 -0.17158185  0.61215269 -0.05872452 -0.44085192\n",
      "   0.2512423   0.11801186  0.04479641 -0.16678148]\n",
      " [ 0.0782977  -0.03889845 -0.26887639  0.20622076  0.14097381  0.03754943\n",
      "  -0.46896463 -0.33429895 -0.13507479  0.15992263 -0.44421627  0.30833191\n",
      "   0.07481162  0.19570049 -0.36918316  0.09032664]\n",
      " [-0.03838854 -0.10539061 -0.21400013  0.16304736 -0.26071716 -0.1998347\n",
      "  -0.33627051  0.09814027 -0.30395718 -0.04577179  0.19892827  0.11321662\n",
      "   0.30361566 -0.44441656  0.3316689   0.37128647]\n",
      " [ 0.07920924  0.29029468  0.51818033  0.55251207  0.26179343  0.21223163\n",
      "  -0.17315687  0.34171961 -0.24592526  0.05739762 -0.04181923 -0.04078279\n",
      "   0.01887209 -0.03431173  0.05068653 -0.06365862]\n",
      " [ 0.53010991 -0.14326935  0.17211745 -0.44848036 -0.27864277  0.2622544\n",
      "  -0.12297114  0.13785986 -0.24710507  0.15202426 -0.32311285 -0.04717923\n",
      "  -0.00850432 -0.23838205  0.03293205 -0.19588005]\n",
      " [-0.26823442 -0.27755708  0.08303236 -0.22414243  0.15358754 -0.17903654\n",
      "  -0.19713911  0.33717746 -0.2360685   0.1226937   0.31528866  0.41218719\n",
      "  -0.33881076 -0.05214724 -0.27555257 -0.22837227]\n",
      " [-0.38035896 -0.09514659  0.2190072  -0.35270602  0.25577568  0.09131961\n",
      "  -0.14808143  0.00536477 -0.16352993 -0.39849899 -0.14107447 -0.32339318\n",
      "   0.42014491 -0.06548264 -0.27056372  0.1189456 ]\n",
      " [ 0.03458886 -0.48064352 -0.01584215  0.31249449  0.15866619  0.03770827\n",
      "   0.43857292 -0.18691949 -0.26406487 -0.37876465 -0.24560464  0.12804478\n",
      "  -0.1891075  -0.2818925   0.04487782 -0.09407763]\n",
      " [-0.16919315 -0.03530481 -0.11676148  0.03733021 -0.22351255 -0.13321961\n",
      "  -0.20535492  0.2515442  -0.15541189 -0.17549401 -0.31612426 -0.40197709\n",
      "  -0.57650831  0.25835323  0.11047267  0.23273686]\n",
      " [-0.27152542  0.03863106 -0.01228067  0.11784242 -0.51289454  0.05699895\n",
      "   0.01196005  0.02284785 -0.21639652 -0.21481191 -0.05691258  0.18000491\n",
      "   0.28949889  0.37723865  0.12268225 -0.52343789]\n",
      " [ 0.21013879  0.1702295  -0.33861172  0.0935799   0.10359169  0.0221301\n",
      "  -0.24160916 -0.23293512 -0.20629897 -0.19367967  0.38431177 -0.42851644\n",
      "  -0.13902052 -0.16403193 -0.16651952 -0.44072542]\n",
      " [ 0.23008613  0.15046756  0.47488075 -0.043777   -0.17462296 -0.64108137\n",
      "   0.06653219 -0.35927205 -0.24276931 -0.08347248  0.06366046  0.01068276\n",
      "  -0.03496474  0.10440639 -0.16938855  0.1054667 ]\n",
      " [ 0.19009854  0.3710838  -0.39073891 -0.20339348  0.33230488 -0.18555846\n",
      "   0.33717961  0.31889842 -0.41426119 -0.06452566 -0.11217922  0.13137964\n",
      "   0.14489409  0.19012547  0.07577779  0.05799858]\n",
      " [ 0.30298592 -0.36403706  0.04000345  0.01983055 -0.00870728  0.34935962\n",
      "   0.01617479 -0.02066025 -0.20939914 -0.09415387  0.4473276  -0.01870731\n",
      "   0.05530378  0.5276358  -0.02909638  0.33970141]\n",
      " [-0.31837292  0.17808076  0.10884472 -0.23666133  0.16962655  0.25544206\n",
      "  -0.02076628 -0.49375932 -0.35461902  0.24201221  0.04090955  0.05618213\n",
      "  -0.21535627  0.02009527  0.47323418  0.03048843]]\n",
      "\n",
      "Eigenvalues \n",
      "[2.71826229 1.04772827 0.62595788 0.31200483 0.21171737 0.15916988\n",
      " 0.11232448 0.11718307 0.00834359 0.07595013 0.02916949 0.03371554\n",
      " 0.04035792 0.04759592 0.05707559 0.056558  ]\n",
      "[(2.7182622939014465, 0), (1.0477282720430907, 1), (0.6259578836346952, 2), (0.3120048299882545, 3), (0.21171736917271863, 4), (0.15916988256553125, 5), (0.11718306720886816, 7), (0.11232447942727894, 6), (0.0759501302006553, 9), (0.05707559049233026, 14), (0.05655799586367297, 15), (0.047595924798856146, 13), (0.04035792065706806, 12), (0.03371553576453765, 11), (0.029169494122781223, 10), (0.008343587610605323, 8)]\n",
      "Matrix W:\n",
      " [[-0.22059682  0.23010655]\n",
      " [-0.09936609 -0.39525729]\n",
      " [ 0.0782977  -0.03889845]\n",
      " [-0.03838854 -0.10539061]\n",
      " [ 0.07920924  0.29029468]\n",
      " [ 0.53010991 -0.14326935]\n",
      " [-0.26823442 -0.27755708]\n",
      " [-0.38035896 -0.09514659]\n",
      " [ 0.03458886 -0.48064352]\n",
      " [-0.16919315 -0.03530481]\n",
      " [-0.27152542  0.03863106]\n",
      " [ 0.21013879  0.1702295 ]\n",
      " [ 0.23008613  0.15046756]\n",
      " [ 0.19009854  0.3710838 ]\n",
      " [ 0.30298592 -0.36403706]\n",
      " [-0.31837292  0.17808076]]\n",
      "[[ 2.35231224e+00  1.23868502e-01]\n",
      " [-2.94968377e+00  2.10634517e-03]\n",
      " [-3.22085329e+00 -8.33851218e-01]\n",
      " [ 2.22363010e+00 -4.14823185e-01]\n",
      " [-3.38818541e-01  2.14283592e+00]\n",
      " [ 1.74028092e-01 -1.36427127e+00]\n",
      " [-1.86766834e+00  8.74799528e-01]\n",
      " [ 2.31758655e-01 -7.45595047e-01]\n",
      " [ 5.52456811e-01  2.31894708e+00]\n",
      " [ 1.09804245e+00 -3.89269681e-01]\n",
      " [ 5.61690391e-01  1.09540041e+00]\n",
      " [ 5.74325754e-01  1.26520217e+00]\n",
      " [ 8.16828064e-01  1.60032599e+00]\n",
      " [-2.61155170e+00 -4.85864382e-01]\n",
      " [ 5.24443390e-01 -4.82831238e-01]\n",
      " [-2.51308133e+00 -1.10371640e+00]\n",
      " [-7.16001863e-01 -5.84389815e-01]\n",
      " [ 2.39684323e+00  2.41843671e-01]\n",
      " [-6.48599746e-01 -6.89814934e-01]\n",
      " [ 1.24617094e+00  5.38740087e-01]\n",
      " [-2.13746868e+00  4.69760253e-01]\n",
      " [ 1.29940696e+00 -6.91178216e-01]\n",
      " [-1.28224443e+00  1.32790676e+00]\n",
      " [-2.86972430e+00  9.93043985e-01]\n",
      " [-1.42781083e+00 -1.32861433e+00]\n",
      " [ 2.00457763e+00 -3.76529400e-01]\n",
      " [ 2.64704832e+00  5.38755342e-01]\n",
      " [ 2.54441988e+00  9.01397502e-01]\n",
      " [-2.67173731e+00 -1.48662429e+00]\n",
      " [-2.02179032e-01 -1.63512649e+00]\n",
      " [ 5.52163183e-01 -1.39030303e+00]\n",
      " [-1.48757947e+00  1.02345965e+00]\n",
      " [-4.44769112e-01  2.24016540e+00]\n",
      " [ 2.10992634e+00  6.98867304e-01]\n",
      " [-2.50318531e+00 -1.45325949e+00]\n",
      " [-3.15734523e-01  2.44691515e+00]\n",
      " [-3.10193025e+00 -6.92058388e-01]\n",
      " [-1.07196913e+00  1.95620050e+00]\n",
      " [ 1.69111701e+00 -6.48689159e-01]\n",
      " [ 4.73037998e-02  1.50545934e-01]\n",
      " [ 6.10553487e-01 -1.56446188e+00]\n",
      " [-1.12411990e+00 -2.90028978e-01]\n",
      " [-7.92238091e-01  7.32639826e-01]\n",
      " [ 2.15545495e+00 -3.10615576e-01]\n",
      " [-2.37136293e+00 -1.02956672e+00]\n",
      " [ 3.05941200e+00 -3.00599013e-01]\n",
      " [-8.71453831e-01  2.90970645e-01]\n",
      " [-4.36963873e-01  1.43485038e+00]\n",
      " [-1.10452859e-01  2.85760395e-01]\n",
      " [ 2.02488947e-02 -1.33845304e+00]\n",
      " [ 1.07077135e+00  1.59872248e+00]\n",
      " [ 1.77397070e-01 -1.15489905e+00]\n",
      " [-2.71013887e+00 -4.77534004e-01]\n",
      " [ 2.79975285e+00 -1.02067296e+00]\n",
      " [-2.25132497e+00 -1.23942501e+00]\n",
      " [ 1.39514150e+00 -9.79781581e-01]\n",
      " [ 1.20896034e-01 -1.64439351e+00]\n",
      " [-2.69306994e+00 -4.86671827e-02]\n",
      " [ 9.16249635e-01 -1.06581408e+00]\n",
      " [-6.57859079e-01  2.45979496e-01]\n",
      " [ 1.76822551e+00 -2.50621083e-01]\n",
      " [ 1.00765756e+00 -2.05729924e+00]\n",
      " [ 1.44228852e+00 -2.03422193e-01]\n",
      " [-8.35690884e-01  4.25254399e-01]\n",
      " [ 8.82327359e-01 -4.85402913e-01]\n",
      " [-2.17792347e+00 -8.68165505e-01]\n",
      " [-1.06650399e+00 -1.12386878e+00]\n",
      " [ 8.40766200e-01 -1.40548864e+00]\n",
      " [-2.31583932e+00  4.12581681e-01]\n",
      " [-5.33857695e-01 -1.06969976e+00]\n",
      " [-2.65655185e+00 -9.33832267e-01]\n",
      " [ 9.56509603e-01 -8.55152508e-01]\n",
      " [ 8.65692441e-01 -6.19095694e-01]\n",
      " [-7.30755728e-01 -1.09797022e+00]\n",
      " [ 1.85191217e-01 -1.11477383e+00]\n",
      " [ 2.02667485e+00 -1.85504599e-01]\n",
      " [ 2.83843070e+00 -3.95591855e-01]\n",
      " [-2.29067728e+00 -7.03679454e-01]\n",
      " [-9.34469657e-01 -9.87781178e-01]\n",
      " [-4.13658485e-01  1.74814440e+00]\n",
      " [ 1.26735123e+00 -1.28367368e-01]\n",
      " [-6.24941949e-01  4.31479743e-01]\n",
      " [-7.62915294e-01  9.18794289e-01]\n",
      " [ 2.27179302e-01  1.61160419e+00]\n",
      " [ 1.61183819e+00 -6.85885955e-01]\n",
      " [-6.73116651e-01 -1.12906440e+00]\n",
      " [-6.31862323e-01  6.15305034e-01]\n",
      " [-3.26282798e+00 -6.06955583e-01]\n",
      " [ 1.50926580e+00  4.99122972e-01]\n",
      " [-5.94422218e-01 -1.05699524e+00]\n",
      " [ 1.91888737e+00  1.65309273e-01]\n",
      " [ 7.26692720e-01 -7.65516300e-01]\n",
      " [-5.95222916e-01  1.30362919e-01]\n",
      " [ 1.50105078e-01  9.44671138e-01]\n",
      " [-1.21740658e-01  1.66836070e+00]\n",
      " [-4.15857431e-01  1.26418612e+00]\n",
      " [ 2.27560269e+00 -2.50257730e-01]\n",
      " [ 2.02902192e+00  1.66624170e-01]\n",
      " [ 3.53916957e+00 -8.80181634e-02]\n",
      " [-1.28694741e+00  1.60051953e+00]\n",
      " [-9.20249050e-01  5.47509204e-01]\n",
      " [-4.87456101e-01 -2.01115347e+00]\n",
      " [-1.08658280e-01 -1.14666785e+00]\n",
      " [ 1.31317429e+00  4.70184120e-01]\n",
      " [ 2.37867007e+00  1.17625352e+00]\n",
      " [ 4.95877691e-01  1.13605130e+00]\n",
      " [-1.75774288e+00  1.20948201e+00]\n",
      " [-1.38643615e+00  1.94104382e-01]\n",
      " [-6.18997703e-01  9.21633015e-01]\n",
      " [-1.00359301e+00  1.13866889e+00]\n",
      " [-1.66210214e+00 -4.46972078e-01]\n",
      " [ 1.96689917e+00  2.44939886e-01]\n",
      " [ 7.78731140e-02  8.91511571e-01]\n",
      " [-3.25422027e+00 -6.87411263e-01]\n",
      " [-2.38699790e+00  1.50118252e+00]\n",
      " [ 1.81521423e+00  4.51100881e-01]\n",
      " [-1.11320368e-01  1.04110019e+00]\n",
      " [ 1.80053976e+00 -1.35189309e+00]\n",
      " [ 2.32730415e+00 -1.14671480e+00]\n",
      " [ 7.15618232e-01 -8.02241187e-01]\n",
      " [ 1.59394821e+00  7.46651800e-02]\n",
      " [ 2.35274723e+00 -8.53377600e-01]\n",
      " [ 3.48112146e+00 -7.69001734e-01]\n",
      " [ 2.00663683e+00  6.40513160e-01]\n",
      " [-9.82450481e-01 -8.03900849e-01]\n",
      " [ 1.51444872e+00 -9.62580751e-01]\n",
      " [-3.60393399e-01 -1.89461450e+00]\n",
      " [ 1.30716350e+00 -6.06615762e-01]\n",
      " [ 1.95299680e+00 -1.74373383e-01]\n",
      " [-3.88417540e+00 -3.83896293e-01]\n",
      " [-1.01326582e+00  5.99026769e-01]\n",
